0 0.529957 0.396446 0.0165977 0.0663045
0 0.453083 0.66746 0.0759939 0.367333
0 0.0765423 0.535252 0.0302613 0.136099
2 0.400588 0.575954 0.0316122 0.0271845
1 0.545584 0.522427 0.00452487 0.00733665
0 0.0480342 0.548766 0.0362536 0.0964518
1 0.835453 0.51173 0.00446078 0.00553939
0 0.529957 0.396446 0.0165977 0.0663045
0 0.453083 0.66746 0.0759939 0.367333
0 0.0765423 0.535252 0.0302613 0.136099
2 0.400588 0.575954 0.0316122 0.0271845
1 0.545584 0.522427 0.00452487 0.00733665
0 0.0480342 0.548766 0.0362536 0.0964518
1 0.835453 0.51173 0.00446078 0.00553939
0 0.529957 0.396446 0.0165977 0.0663045
0 0.453083 0.66746 0.0759939 0.367333
0 0.0765423 0.535252 0.0302613 0.136099
2 0.400588 0.575954 0.0316122 0.0271845
1 0.545584 0.522427 0.00452487 0.00733665
0 0.0480342 0.548766 0.0362536 0.0964518
1 0.835453 0.51173 0.00446078 0.00553939
0 0.529957 0.396446 0.0165977 0.0663045
0 0.453083 0.66746 0.0759939 0.367333
0 0.0765423 0.535252 0.0302613 0.136099
2 0.400588 0.575954 0.0316122 0.0271845
1 0.545584 0.522427 0.00452487 0.00733665
0 0.0480342 0.548766 0.0362536 0.0964518
1 0.835453 0.51173 0.00446078 0.00553939
